180.90 88 
10.25 65 
56.14 9 
104.65 9 
100.30 88 
297.15 0.5
26.75 65 
130.62 0.5
240.28 58 
270.62 8 
115.87 88 
247.34 95 
73.21 9 
101.00 0.5
79.54 0.5
278.44 7 
199.26 0.5
12.97 9 
166.30 78 
125.50 58 
84.98 9 
113.35 68 
166.57 0.5
42.56 9 
81.90 95 
131.78 8 
255.89 78 
109.17 9 
146.69 68 
139.33 65 
141.16 78 
154.74 8 
59.42 8 
85.44 68 
293.70 88 
261.79 65 
11.30 88 
268.27 58 
128.29 88 
251.03 8 
208.39 75 
128.88 75 
62.06 9 
225.87 75 
12.89 75 
34.28 75 
62.16 58 
129.12 0.5
218.37 0.5
289.69 8 